	Col1_Time4	Col1_Time5	Col1_Time7	Col6_Time4	Col6_Time5	Col6_Time7	Col8_Time4	Col8_Time5	Col8_Time7
Col1_Time4	0	80	109	647	647	662	738	685	610
Col1_Time5	80	0	94	910	687	722	911	765	774
Col1_Time7	109	94	0	1003	715	759	1572	825	670
Col6_Time4	647	910	1003	0	56	51	555	667	574
Col6_Time5	647	687	715	56	0	31	791	597	585
Col6_Time7	662	722	759	51	31	0	683	683	543
Col8_Time4	738	911	1572	555	791	683	0	56	83
Col8_Time5	685	765	825	667	597	683	56	0	49
Col8_Time7	610	774	670	574	585	543	83	49	0
